9 1 2 3 4 5 6 7 8 
1.36833 1.19607 1.17248 1.37999 1.16871 1.21865 1.38021 1.33245 0.078842 
0 0.000634091 0.609793 0.000235179 0.615105 0.00109345 0.000118169 0.0462787 0.000751644 
0.000634091 0 0.00762023 0.058235 0.00128038 0.137117 0.684607 0.0865717 0.0102978 
0.609793 0.00762023 0 0.0127273 0.457723 0.00245305 0.00342309 0.0034711 0.000215313 
0.000235179 0.058235 0.0127273 0 0.00244507 0.689221 0.00453188 0.390152 0.00195303 
0.615105 0.00128038 0.457723 0.00244507 0 0.00565223 0.0107774 0.00219088 0.0037059 
0.00109345 0.137117 0.00245305 0.689221 0.00565223 0 0.0669636 0.097103 0.00216099 
0.000118169 0.684607 0.00342309 0.00453188 0.0107774 0.0669636 0 0.37993 0.000434885 
0.0462787 0.0865717 0.0034711 0.390152 0.00219088 0.097103 0.37993 0 0.00395336 
0.000751644 0.0102978 0.000215313 0.00195303 0.0037059 0.00216099 0.000434885 0.00395336 0 

