0.00000000 0.00107730 0.59762671 0.00024505 0.60758946 0.00183499 0.00010371 0.05172746 0.00027937
0.00107730 0.00000000 0.00979852 0.05522466 0.00168847 0.12793575 0.69334747 0.09296848 0.00782891
0.59762671 0.00979852 0.00000000 0.01224239 0.45040356 0.00304548 0.00413751 0.00395911 0.00182928
0.00024505 0.05522466 0.01224239 0.00000000 0.00280001 0.71123112 0.00438185 0.37760120 0.00206015
0.60758946 0.00168847 0.45040356 0.00280001 0.00000000 0.00648608 0.01150133 0.00255071 0.00580391
0.00183499 0.12793575 0.00304548 0.71123112 0.00648608 0.00000000 0.06248273 0.09966461 0.00027404
0.00010371 0.69334747 0.00413751 0.00438185 0.01150133 0.06248273 0.00000000 0.38028844 0.00091573
0.05172746 0.09296848 0.00395911 0.37760120 0.00255071 0.09966461 0.38028844 0.00000000 0.00213701
0.00027937 0.00782891 0.00182928 0.00206015 0.00580391 0.00027404 0.00091573 0.00213701 0.00000000
