10 1 2 3 4 5 6 7 8 9 
1.35968 1.35536 1.1322 1.35339 1.35637 1.13035 1.35442 1.35478 1.35375 0.0590348 
0 0.000885116 0.619244 0.0509996 0.00081148 0.616391 0.000250183 0.000367531 0.000343412 0.000349131 
0.000885116 0 0.000237972 0.00966427 0.0109247 0.00106373 0.479759 0.46464 0.0831282 0.00241198 
0.619244 0.000237972 0 0.00456919 0.0011555 0.422904 0.00540798 0.00594872 0.0138797 0.00267221 
0.0509996 0.00966427 0.00456919 0 0.0111673 0.00443355 0.421949 0.090638 0.438783 0.000331109 
0.00081148 0.0109247 0.0011555 0.0111673 0 0.000280169 0.0947858 0.451678 0.476191 0.000762798 
0.616391 0.00106373 0.422904 0.00443355 0.000280169 0 0.0112131 0.00511252 0.00598408 0.00733735 
0.000250183 0.479759 0.00540798 0.421949 0.0947858 0.0112131 0 0.0138917 0.0129071 0.00079362 
0.000367531 0.46464 0.00594872 0.090638 0.451678 0.00511252 0.0138917 0 0.011632 0.000566303 
0.000343412 0.0831282 0.0138797 0.438783 0.476191 0.00598408 0.0129071 0.011632 0 0.0019717 
0.000349131 0.00241198 0.00267221 0.000331109 0.000762798 0.00733735 0.00079362 0.000566303 0.0019717 0 

