0 0.000311032 0.00301736 0.00423071 0.000253887 0.00135296 0.00456564 0.0127793 0.00021438 0.0881799 0.0721404 0.000503925 
0.000311032 0 0.000358076 0.0472747 1.25038e-05 0.618966 0.00149168 0.000514786 0.6177 0.00161893 0.000615885 0.000810133 
0.00301736 0.000358076 0 2.75747e-05 0.000280078 0.000413132 0.000672119 0.000871798 0.000346197 0.00566327 0.00177464 5.12155e-06 
0.00423071 0.0472747 2.75747e-05 0 0.0227237 0.00264272 0.00273885 0.32814 0.00189934 0.0499178 0.655404 0.00153791 
0.000253887 1.25038e-05 0.000280078 0.0227237 0 0.000988445 0.0240915 0.000527125 0.00121008 0.0304418 0.0232666 0.000952756 
0.00135296 0.618966 0.000413132 0.00264272 0.000988445 0 0.000444426 0.0164903 0.433419 0.00751182 0.00521204 0.000120415 
0.00456564 0.00149168 0.000672119 0.00273885 0.0240915 0.000444426 0 0.44566 0.000665977 0.611932 0.0499417 0.00028768 
0.0127793 0.000514786 0.000871798 0.32814 0.000527125 0.0164903 0.44566 0 0.00199787 0.0876325 0.055741 0.00534655 
0.00021438 0.6177 0.000346197 0.00189934 0.00121008 0.433419 0.000665977 0.00199787 0 0.00246561 0.0196459 0.00391158 
0.0881799 0.00161893 0.00566327 0.0499178 0.0304418 0.00751182 0.611932 0.0876325 0.00246561 0 0.119849 0.00613935 
0.0721404 0.000615885 0.00177464 0.655404 0.0232666 0.00521204 0.0499417 0.055741 0.0196459 0.119849 0 0.00227479 
0.000503925 0.000810133 5.12155e-06 0.00153791 0.000952756 0.000120415 0.00028768 0.00534655 0.00391158 0.00613935 0.00227479 0 

