9 1 2 3 4 5 6 7 8 
1.37218 1.37774 1.19589 1.38167 1.33847 1.10027 1.16664 1.26163 0.0679277 
0 0.00103245 0.558779 3.21364e-05 0.104709 0.00442222 0.550485 0.00330524 9.81776e-06 
0.00103245 0 0.0373193 0.00102332 0.759414 0.0259344 0.0182841 0.285113 0.000646542 
0.558779 0.0373193 0 0.00333916 0.00611328 0.0101025 0.484087 0.00145099 0.00178328 
3.21364e-05 0.00102332 0.00333916 0 0.0717853 0.613613 0.00467125 0.493993 0.00140484 
0.104709 0.759414 0.00611328 0.0717853 0 0.0911676 0.0024579 0.039412 0.000124844 
0.00442222 0.0259344 0.0101025 0.613613 0.0911676 0 0.0126688 0.152097 0.0092881 
0.550485 0.0182841 0.484087 0.00467125 0.0024579 0.0126688 0 0.0068077 0.00232995 
0.00330524 0.285113 0.00145099 0.493993 0.039412 0.152097 0.0068077 0 0.00754317 
9.81776e-06 0.000646542 0.00178328 0.00140484 0.000124844 0.0092881 0.00232995 0.00754317 0 

