0 0.00139713 0.547014 2.44695e-05 0.115221 0.0047904 0.543373 0.00373349 3.24629e-13
0.00139713 0 0.0360724 0.00160494 0.742563 0.0284575 0.0215179 0.289377 3.19633e-13
0.547014 0.0360724 0 0.00295404 0.00465868 0.00896598 0.499325 0.000734327 3.26184e-13
2.44695e-05 0.00160494 0.00295404 0 0.0725946 0.615517 0.00609233 0.508428 3.1164e-13
0.115221 0.742563 0.00465868 0.0725946 0 0.0988643 0.00514296 0.0331175 3.193e-13
0.0047904 0.0284575 0.00896598 0.615517 0.0988643 0 0.0164259 0.163163 3.58935e-13
0.543373 0.0215179 0.499325 0.00609233 0.00514296 0.0164259 0 0.00800065 3.21632e-13
0.00373349 0.289377 0.000734327 0.508428 0.0331175 0.163163 0.00800065 0 3.25961e-13
3.24629e-13 3.19633e-13 3.26184e-13 3.1164e-13 3.193e-13 3.58935e-13 3.21632e-13 3.25961e-13 0
