0 0.000617499 0.626757 0.0454733 0.000522303 0.622238 0.000248664 0.000206831 0.000388369 0.00110892 
0.000617499 0 0.00018611 0.00929837 0.012597 0.000796298 0.46659 0.474054 0.0850458 0.00221581 
0.626757 0.00018611 0 0.004024 0.000894994 0.434837 0.00458288 0.00411683 0.0131151 0.000253909 
0.0454733 0.00929837 0.004024 0 0.0112682 0.00384961 0.426393 0.0825341 0.449998 0.00143503 
0.000522303 0.012597 0.000894994 0.0112682 0 0.00024071 0.101991 0.455276 0.46213 4.93597e-05 
0.622238 0.000796298 0.434837 0.00384961 0.00024071 0 0.00985217 0.00337902 0.0052717 0.00588688 
0.000248664 0.46659 0.00458288 0.426393 0.101991 0.00985217 0 0.0138382 0.0147432 8.40656e-05 
0.000206831 0.474054 0.00411683 0.0825341 0.455276 0.00337902 0.0138382 0 0.011009 0.00220017 
0.000388369 0.0850458 0.0131151 0.449998 0.46213 0.0052717 0.0147432 0.011009 0 0.00166496 
0.00110892 0.00221581 0.000253909 0.00143503 4.93597e-05 0.00588688 8.40656e-05 0.00220017 0.00166496 0 

