0.00000000 0.00088512 0.61924395 0.05099961 0.00081148 0.61639108 0.00025018 0.00036753 0.00034341 0.00034913
0.00088512 0.00000000 0.00023797 0.00966427 0.01092465 0.00106373 0.47975885 0.46464045 0.08312818 0.00241198
0.61924395 0.00023797 0.00000000 0.00456919 0.00115550 0.42290387 0.00540798 0.00594872 0.01387966 0.00267221
0.05099961 0.00966427 0.00456919 0.00000000 0.01116734 0.00443355 0.42194916 0.09063803 0.43878286 0.00033111
0.00081148 0.01092465 0.00115550 0.01116734 0.00000000 0.00028017 0.09478577 0.45167750 0.47619131 0.00076280
0.61639108 0.00106373 0.42290387 0.00443355 0.00028017 0.00000000 0.01121315 0.00511252 0.00598408 0.00733735
0.00025018 0.47975885 0.00540798 0.42194916 0.09478577 0.01121315 0.00000000 0.01389165 0.01290707 0.00079362
0.00036753 0.46464045 0.00594872 0.09063803 0.45167750 0.00511252 0.01389165 0.00000000 0.01163201 0.00056630
0.00034341 0.08312818 0.01387966 0.43878286 0.47619131 0.00598408 0.01290707 0.01163201 0.00000000 0.00197170
0.00034913 0.00241198 0.00267221 0.00033111 0.00076280 0.00733735 0.00079362 0.00056630 0.00197170 0.00000000

