0 0.000331124 0.00300279 0.00459828 7.69638e-05 0.00148846 0.00404397 0.0130906 0.000137978 0.0854933 0.0745214 0.000494386 
0.000331124 0 0.000357025 0.0501361 2.28454e-05 0.612514 0.00176061 0.000420032 0.612146 0.0014362 0.000560039 0.000321951 
0.00300279 0.000357025 0 3.61639e-05 0.000201539 0.00041964 0.000701251 0.000842544 0.00034652 0.00565167 0.00173856 8.24087e-06 
0.00459828 0.0501361 3.61639e-05 0 0.0233972 0.00287973 0.00273549 0.313794 0.00201493 0.0522185 0.657689 0.000862904 
7.69638e-05 2.28454e-05 0.000201539 0.0233972 0 0.00129919 0.0216705 0.000534189 0.00139957 0.0257122 0.026265 0.00124823 
0.00148846 0.612514 0.00041964 0.00287973 0.00129919 0 0.000503887 0.0169787 0.422825 0.00939437 0.00614442 0.00140598 
0.00404397 0.00176061 0.000701251 0.00273549 0.0216705 0.000503887 0 0.461547 0.000701316 0.609633 0.0477487 0.000251954 
0.0130906 0.000420032 0.000842544 0.313794 0.000534189 0.0169787 0.461547 0 0.00185377 0.0977217 0.0480488 0.0058024 
0.000137978 0.612146 0.00034652 0.00201493 0.00139957 0.422825 0.000701316 0.00185377 0 0.00217196 0.0219119 0.00517475 
0.0854933 0.0014362 0.00565167 0.0522185 0.0257122 0.00939437 0.609633 0.0977217 0.00217196 0 0.120189 0.00271385 
0.0745214 0.000560039 0.00173856 0.657689 0.026265 0.00614442 0.0477487 0.0480488 0.0219119 0.120189 0 0.00512616 
0.000494386 0.000321951 8.24087e-06 0.000862904 0.00124823 0.00140598 0.000251954 0.0058024 0.00517475 0.00271385 0.00512616 0 

