9 1 2 3 4 5 6 7 8 
1.36833 1.19607 1.17248 1.37999 1.16871 1.21865 1.38021 1.33245 0.0788428 
0 0.000634079 0.609793 0.000235183 0.615105 0.00109345 0.000118167 0.0462787 0.000751632 
0.000634079 0 0.00762026 0.0582346 0.00128037 0.137117 0.684605 0.0865724 0.0102981 
0.609793 0.00762026 0 0.0127272 0.457723 0.00245297 0.00342313 0.0034711 0.000215312 
0.000235183 0.0582346 0.0127272 0 0.00244505 0.689224 0.00453182 0.39015 0.00195299 
0.615105 0.00128037 0.457723 0.00244505 0 0.00565218 0.0107775 0.00219087 0.00370592 
0.00109345 0.137117 0.00245297 0.689224 0.00565218 0 0.066964 0.0971022 0.0021608 
0.000118167 0.684605 0.00342313 0.00453182 0.0107775 0.066964 0 0.379932 0.000434915 
0.0462787 0.0865724 0.0034711 0.39015 0.00219087 0.0971022 0.379932 0 0.0039534 
0.000751632 0.0102981 0.000215312 0.00195299 0.00370592 0.0021608 0.000434915 0.0039534 0 

