0 0.0559975 0.601809 0.000162473 0.00155044 0.601815 0.0015479 0.000162017 
0.0559975 0 0.0026986 0.388053 0.094663 0.00269878 0.094832 0.387444 
0.601809 0.0026986 0 0.00338205 0.00259543 0.464349 0.00885358 0.0146908 
0.000162473 0.388053 0.00338205 0 0.0637177 0.0147202 0.693549 0.00388621 
0.00155044 0.094663 0.00259543 0.0637177 0 0.00883731 0.14174 0.694237 
0.601815 0.00269878 0.464349 0.0147202 0.00883731 0 0.00259749 0.00336931 
0.0015479 0.094832 0.00885358 0.693549 0.14174 0.00259749 0 0.0636682 
0.000162017 0.387444 0.0146908 0.00388621 0.694237 0.00336931 0.0636682 0 

