9 1 2 3 4 5 6 7 8 
1.37268 1.37501 1.19339 1.3809 1.33904 1.09136 1.17033 1.2578 0.0550623 
0 0.00121432 0.564604 1.20759e-05 0.100941 0.00436813 0.555848 0.00276969 5.71295e-05 
0.00121432 0 0.0372979 0.000987567 0.78699 0.0225845 0.019501 0.262688 0.000374158 
0.564604 0.0372979 0 0.00240173 0.00548643 0.00801683 0.48961 0.00108117 0.000445741 
1.20759e-05 0.000987567 0.00240173 0 0.0664754 0.616034 0.00388479 0.513993 0.00370808 
0.100941 0.78699 0.00548643 0.0664754 0 0.0845116 0.00288465 0.0355138 0.000731412 
0.00436813 0.0225845 0.00801683 0.616034 0.0845116 0 0.0111337 0.173508 0.00400564 
0.555848 0.019501 0.48961 0.00388479 0.00288465 0.0111337 0 0.0066339 0.00214789 
0.00276969 0.262688 0.00108117 0.513993 0.0355138 0.173508 0.0066339 0 0.00335344 
5.71295e-05 0.000374158 0.000445741 0.00370808 0.000731412 0.00400564 0.00214789 0.00335344 0 

