0.00000000 0.00103245 0.55877929 0.00003214 0.10470876 0.00442222 0.55048506 0.00330524 0.00000982
0.00103245 0.00000000 0.03731929 0.00102332 0.75941413 0.02593439 0.01828408 0.28511261 0.00064654
0.55877929 0.03731929 0.00000000 0.00333916 0.00611328 0.01010252 0.48408662 0.00145099 0.00178328
0.00003214 0.00102332 0.00333916 0.00000000 0.07178532 0.61361284 0.00467125 0.49399302 0.00140484
0.10470876 0.75941413 0.00611328 0.07178532 0.00000000 0.09116764 0.00245790 0.03941199 0.00012484
0.00442222 0.02593439 0.01010252 0.61361284 0.09116764 0.00000000 0.01266880 0.15209675 0.00928810
0.55048506 0.01828408 0.48408662 0.00467125 0.00245790 0.01266880 0.00000000 0.00680770 0.00232995
0.00330524 0.28511261 0.00145099 0.49399302 0.03941199 0.15209675 0.00680770 0.00000000 0.00754317
0.00000982 0.00064654 0.00178328 0.00140484 0.00012484 0.00928810 0.00232995 0.00754317 0.00000000
