9 1 2 3 4 5 6 7 8 
1.36567 1.19479 1.16979 1.37966 1.16913 1.22562 1.37974 1.33217 0.073553 
0 0.0010773 0.597627 0.000245051 0.607589 0.00183499 0.000103714 0.0517275 0.000279371 
0.0010773 0 0.00979852 0.0552247 0.00168847 0.127936 0.693347 0.0929685 0.00782891 
0.597627 0.00979852 0 0.0122424 0.450404 0.00304548 0.00413751 0.00395911 0.00182928 
0.000245051 0.0552247 0.0122424 0 0.00280001 0.711231 0.00438185 0.377601 0.00206015 
0.607589 0.00168847 0.450404 0.00280001 0 0.00648608 0.0115013 0.00255071 0.00580391 
0.00183499 0.127936 0.00304548 0.711231 0.00648608 0 0.0624827 0.0996646 0.000274039 
0.000103714 0.693347 0.00413751 0.00438185 0.0115013 0.0624827 0 0.380288 0.000915732 
0.0517275 0.0929685 0.00395911 0.377601 0.00255071 0.0996646 0.380288 0 0.00213701 
0.000279371 0.00782891 0.00182928 0.00206015 0.00580391 0.000274039 0.000915732 0.00213701 0 

