12 1 2 3 4 5 6 7 8 9 10 11 
0.260019 1.36246 0.0134901 1.36106 0.159941 1.1514 1.37847 1.24823 1.14833 1.22137 1.23211 -2.81997e-14 
0 0.000319434 0.00282913 0.00479979 0.000102453 0.00143747 0.0048259 0.015661 8.76328e-05 0.0896129 0.0766353 -1.58207e-15 
0.000319434 0 0.000415676 0.0500128 7.47319e-05 0.615807 0.001884 0.000575646 0.615649 0.00169627 0.000477949 -1.05471e-14 
0.00282913 0.000415676 0 1.96632e-05 0.00027686 0.000402161 0.00100539 0.000503862 0.000385249 0.00555833 0.00159855 4.88108e-14 
0.00479979 0.0500128 1.96632e-05 0 0.0300826 0.00279567 0.00229757 0.32474 0.00170625 0.0511884 0.663031 -1.09912e-14 
0.000102453 7.47319e-05 0.00027686 0.0300826 0 0.00173412 0.0291104 0.000489789 0.00267951 0.0317222 0.0307011 -6.10623e-16 
0.00143747 0.615807 0.000402161 0.00279567 0.00173412 0 0.000513135 0.0161591 0.444524 0.0081779 0.00560772 -1.12133e-14 
0.0048259 0.001884 0.00100539 0.00229757 0.0291104 0.000513135 0 0.459518 0.000805915 0.61866 0.0477547 -1.03251e-14 
0.015661 0.000575646 0.000503862 0.32474 0.000489789 0.0161591 0.459518 0 0.00161383 0.0989733 0.0567375 -7.66054e-15 
8.76328e-05 0.615649 0.000385249 0.00170625 0.00267951 0.444524 0.000805915 0.00161383 0 0.00280126 0.0247249 -1.06581e-14 
0.0896129 0.00169627 0.00555833 0.0511884 0.0317222 0.0081779 0.61866 0.0989733 0.00280126 0 0.121363 -5.32907e-15 
0.0766353 0.000477949 0.00159855 0.663031 0.0307011 0.00560772 0.0477547 0.0567375 0.0247249 0.121363 0 -4.77396e-15 
-1.58207e-15 -1.05471e-14 4.88108e-14 -1.09912e-14 -6.10623e-16 -1.12133e-14 -1.03251e-14 -7.66054e-15 -1.06581e-14 -5.32907e-15 -4.77396e-15 0 

